1414.644200 1103.653775 
810.471231 1093.714470 
1634.551044 742.487729 
1461.654269 1089.184141 
1467.481607 1262.676189 
1284.480494 769.798261 
1006.963699 713.533845 
1104.155905 939.955628 
1726.428035 1596.789772 
1390.098552 1148.534657 
448.627109 1521.696845 
923.065924 1164.015546 
834.770093 937.841551 
1830.797028 952.306789 
859.413802 845.701746 
881.750373 1090.771328 
596.747356 938.234252 
1023.028620 754.397852 
1026.334125 1182.300487 
884.082512 832.326025 
796.146926 1080.802467 
1195.267345 1039.033619 
1023.954741 1278.664858 
1393.523194 894.452864 
921.715314 1422.669922 
1211.070529 1047.230510 
1272.207412 1254.339559 
702.188027 1249.913348 
858.615644 500.198779 
1261.940665 1717.104248 
1221.974097 237.363286 
1422.790399 1197.580932 
1207.661168 967.920036 
901.519060 1469.212053 
315.372376 1072.639909 
1057.682248 1330.832269 
1247.132072 1134.321935 
1008.807300 1380.203421 
1220.741189 927.167647 
1055.004710 997.895994 
1154.485629 1510.660490 
1739.644520 1216.311446 
784.244838 878.676403 
603.667535 1180.124103 
547.187629 1227.014030 
1760.288490 1546.497716 
461.183387 1401.123080 
974.666344 1538.758859 
1283.437163 858.856850 
1410.024523 685.823759 
493.535303 952.050989 
1218.538668 894.429284 
1288.164659 1738.186886 
1190.299191 1688.862088 
994.317436 970.468341 
1100.502829 1139.377222 
1241.426303 1087.476453 
874.226836 938.713731 
1336.259314 1403.701756 
1347.314625 1347.792928 
968.609712 1504.914099 
1883.392926 1344.147437 
1153.446743 1321.306868 
1205.841812 1274.459254 
1413.994961 1714.387439 
1020.796174 1176.766321 
970.741730 1307.380990 
1254.128423 1007.084386 
948.243885 1005.026117 
705.707549 898.986176 
1799.247712 1013.967823 
877.252875 1404.440142 
567.899737 1478.760818 
638.703009 851.854279 
1712.627076 1139.788251 
1657.406919 688.188824 
781.891122 826.857296 
1336.496111 390.404789 
1315.429042 1231.794176 
1458.382354 423.018658 
772.736251 781.203546 
1008.102394 1113.474713 
898.421812 588.586426 
1041.588615 1694.888776 
1155.909529 800.723959 
992.148618 953.360397 
1192.087057 942.234746 
714.747128 1413.348740 
1073.136425 1476.967591 
1226.858765 1624.168641 
1762.697696 992.534799 
909.613492 1310.821694 
1530.774683 1115.595462 
1634.260890 974.429306 
359.633997 1322.170289 
1394.879473 1184.418011 
425.199810 713.579957 
1477.842760 1345.326556 
492.979034 1164.312099 
1109.447803 864.326536 
430.586939 1450.572253 
1325.773336 847.998589 
1433.884360 1580.736532 
1263.003823 982.818389 
1294.655920 1311.747804 
1002.380028 646.455997 
1077.332068 492.380570 
1777.918891 1220.401317 
1026.426777 1429.825937 
806.922796 1115.147642 
1079.597166 1399.457257 
1660.181630 1322.972625 
1343.868495 970.871455 
705.817046 767.525107 
1035.790215 1381.119054 
1314.163996 919.584658 
838.166057 1077.539342 
1468.691346 602.529736 
1549.410325 725.453354 
845.643138 787.746860 
1000.383860 1326.487502 
1130.969933 634.382189 
974.095428 1103.260007 
970.389086 272.416369 
1288.209384 1272.846580 
1341.062088 1178.563602 
1047.382907 1549.844898 
572.739230 1446.373214 
1099.514220 1126.167840 
1093.304247 953.216276 
1564.550492 857.332611 
840.124652 1483.512012 
1373.691388 896.118101 
1007.239993 1921.928969 
1297.543487 1745.381177 
1415.466220 1037.752310 
1188.651967 1316.576746 
948.231815 1025.976688 
1188.602328 928.754807 
1140.329528 834.865428 
1264.639051 1254.286772 
915.369702 1230.834132 
554.356423 1476.959792 
1403.645653 1035.299878 
1801.970003 866.293931 
1226.290543 1521.371602 
196.735325 1144.773363 
846.570693 721.081353 
1270.017018 1241.939919 
1337.177335 1579.207539 
1171.270211 1009.642700 
613.683149 815.442284 
1441.274036 1852.871616 
606.593213 1290.287602 
1197.978652 1329.403942 
960.320103 509.215941 
803.772903 1104.914404 
1003.150298 1038.269315 
1287.721750 1163.596287 
1127.210204 1090.346116 
1497.626918 653.540563 
1831.048328 1460.250263 
1408.641534 1096.640157 
1158.941486 1294.968346 
1321.268616 1571.774691 
1031.565118 1341.377859 
1074.222689 1122.107415 
1034.146982 723.337724 
1247.007937 973.039193 
413.574869 927.381685 
1544.323610 967.124643 
1739.525162 1394.638266 
1976.670656 1000.097885 
1578.474232 729.063377 
1036.673732 871.716497 
1670.385160 823.363808 
786.744133 1063.933589 
1142.019187 1112.592084 
815.574223 837.896111 
930.605849 1101.317526 
1235.919427 1125.261831 
1134.616804 1352.143476 
982.409942 1657.157566 
959.119709 898.679958 
1325.017625 798.867594 
831.790732 1453.537334 
526.054738 1099.060414 
806.383493 823.771632 
1798.353580 898.075139 
1116.177554 793.294687 
1633.170063 1142.450305 
1310.262740 966.118231 
838.255893 802.040868 
857.392924 852.155531 
1053.390856 1103.537610 
1289.786062 1210.514333 
960.252273 910.103275 
1191.311550 1455.361076 
944.217818 1144.881158 
314.851280 1013.430705 
977.949128 918.955942 
1155.485944 1107.396577 
1476.948916 1607.195022 
1434.573361 1288.689178 
1492.038541 1201.684608 
1223.979032 1421.194754 
1011.159247 1472.633353 
1953.116129 1123.364049 
1404.578515 671.358285 
845.259539 421.986708 
529.074211 1253.401300 
707.440849 1235.068090 
1340.090557 1716.870475 
1232.587220 1195.040483 
1742.139996 379.726972 
1333.310609 936.003076 
738.854555 1697.369376 
833.998856 805.544093 
854.984326 998.352490 
1593.585462 1176.663919 
1195.289982 1434.903243 
1348.632128 1179.686217 
1147.352630 976.538045 
1193.627448 1758.038321 
1483.341393 927.385738 
1128.802234 919.612364 
699.773404 595.626092 
952.844395 653.074010 
812.143254 1472.080383 
451.878375 1138.806668 
1584.122973 1758.773563 
1273.144541 731.261571 
1047.730094 964.984042 
1456.954029 1495.583202 
815.229500 1036.314124 
1227.763954 1387.478770 
1283.481921 904.577513 
761.118009 982.768870 
1443.914382 1032.797566 
917.390786 882.605482 
640.848998 1277.627137 
1224.566414 826.653879 
778.955868 1033.577175 
1799.738337 1455.137209 
1359.583929 1193.774483 
1837.233299 230.975736 
735.683083 679.226219 
1022.180891 1322.253087 
928.054007 636.797117 
1460.414213 1509.211852 
1269.071290 1447.970485 
932.844450 701.309527 
1046.335953 685.616410 
1865.300553 1444.595643 
713.654491 1314.019855 
1345.333184 1338.098384 
997.273896 1543.321409 
804.190685 640.944281 
1045.062371 1110.266988 
1026.331749 865.331672 
1233.009709 1021.132771 
921.886943 424.671944 
858.175495 1419.961032 
1127.042424 1181.551898 
1295.441638 1418.078791 
1420.728371 1194.339642 
545.945870 1246.783397 
1294.223016 1072.572891 
673.114252 974.067436 
933.692319 894.279600 
1150.414793 1110.249615 
1033.714623 1529.884246 
1271.077710 997.711495 
1017.868865 891.335240 
856.314005 640.472241 
1032.611186 1267.165298 
1567.751313 876.204754 
1004.073999 726.248678 
1038.408193 1259.980831 
1131.415853 963.376682 
987.259405 819.179254 
1407.607668 1591.625814 
1348.917759 1379.709958 
901.763165 1012.616439 
1252.619575 1087.116606 
680.343597 1331.472958 
1050.027934 1314.161324 
844.514052 1383.243687 
749.397148 1012.968361 
523.963963 814.235060 
635.905194 710.733915 
899.568635 939.345857 
428.294024 1125.640461 
1235.870840 503.943464 
1097.296992 1066.111225 
1561.244852 1518.397505 
1394.741810 1096.300733 
984.125468 1787.555242 
1490.445785 756.816522 
981.912871 1545.297650 
1464.540249 1448.281454 
334.877361 1809.057065 
765.896395 1112.404217 
1298.505368 1019.908716 
1273.237005 1089.804978 
782.856204 1662.263696 
1210.272692 1032.433251 
359.587544 673.091021 
749.049725 1257.228431 
1255.312547 811.339979 
1589.865541 1322.614588 
1277.806038 1246.811813 
1169.143426 648.994453 
1191.910346 899.631440 
509.693110 883.395721 
1427.318558 1574.866882 
888.105178 940.487026 
936.337301 1080.066406 
1385.530492 632.526297 
590.064412 1419.793738 
1281.891140 842.669335 
1424.826008 1410.404726 
1162.171573 1265.253757 
1119.904819 1786.935357 
408.391853 1203.357720 
1848.123908 1078.713032 
496.590305 807.728050 
1448.094991 1392.192459 
853.855908 637.470667 
1242.491072 723.300576 
995.989239 1227.849445 
796.825095 1856.353394 
1325.545859 876.451892 
701.070795 1568.074624 
1421.893354 942.974340 
542.747996 1774.071537 
1106.790500 661.475440 
911.784993 711.584384 
1462.792246 1017.181203 
1568.762806 832.882299 
831.158443 1341.017902 
977.333402 1098.221573 
1164.172600 1225.780523 
912.709236 1409.370674 
899.214994 1012.212640 
1164.220621 1099.834449 
1309.788985 1206.881846 
947.592821 1025.179325 
1508.248351 1690.033133 
978.307938 1426.422483 
783.786947 1406.169877 
1315.445874 1470.366294 
986.310106 1049.872316 
1169.392995 911.478546 
839.643441 1829.696636 
745.795307 845.831201 
1033.073093 1168.337063 
1724.045233 1023.908698 
1056.111542 1251.613668 
1479.696263 949.629084 
1000.769492 1175.707648 
1140.545174 1239.792496 
1538.251497 847.230346 
1079.518515 891.007721 
1067.139295 1612.764337 
956.313519 1155.527899 
775.852070 1001.971207 
740.649748 754.484579 
1065.769060 640.050996 
969.748039 739.857717 
1070.400230 560.466347 
988.951593 1417.612294 
929.399984 1289.774809 
376.281280 1371.701641 
355.207092 1162.698920 
1307.243498 1184.163710 
761.012288 1305.908986 
848.273111 1046.483798 
848.316250 1447.396640 
1705.621415 1143.894506 
1194.416918 1305.972620 
971.042036 955.961926 
1451.644346 974.597399 
941.763286 730.415360 
1397.430541 824.861537 
1225.234363 942.704051 
1027.324998 1294.499923 
655.455368 1343.910695 
1334.943882 769.198254 
987.063157 1034.218772 
640.098041 853.944477 
859.257333 833.697953 
1012.842357 1694.504967 
781.037022 1115.967080 
795.358054 1607.260674 
681.657202 1339.481496 
1334.896017 1213.854610 
1182.675688 1390.179761 
951.903215 1523.973287 
1054.061101 1375.136990 
617.039798 1125.696007 
1018.136401 973.556339 
1309.384467 786.068187 
739.114802 609.459415 
1317.126121 438.537039 
1478.061156 1251.155610 
914.875999 1161.157309 
920.170111 800.599617 
1172.640739 761.725911 
925.831694 1413.588703 
1352.801045 1198.466666 
1808.621032 898.996397 
1171.200968 901.745447 
913.893374 1397.327736 
798.399962 1143.998463 
1195.074760 1538.617207 
1237.672178 1177.681488 
1571.024799 978.703015 
933.594682 1031.592250 
1561.667517 1049.770367 
842.908617 912.590315 
1580.366279 977.167808 
917.740409 1214.119143 
1933.209130 860.225888 
1225.463559 1011.923168 
1424.745120 1273.982668 
912.118675 1364.423106 
1598.127488 1094.445813 
623.765727 1041.311794 
1296.794704 940.167325 
600.089692 1254.664296 
1141.130785 1590.737147 
385.499080 1391.411081 
1614.639394 1797.182154 
1305.407023 1328.871474 
787.587572 1057.286338 
778.793868 603.833743 
849.297230 852.257163 
1120.998540 1083.510475 
691.741622 1646.116348 
1063.311017 1092.797093 
1913.227493 1386.263621 
914.950741 1211.647740 
1183.568622 1078.229229 
1174.295833 763.627819 
1302.513982 343.344145 
700.035341 908.205911 
989.081650 774.367329 
1049.215009 967.750897 
696.544229 990.395460 
924.860188 924.007492 
1364.857506 875.229013 
905.631947 1016.267510 
1973.055433 554.847610 
1407.603492 1119.179568 
926.970806 679.606957 
1808.589400 1089.245058 
858.360203 1147.102845 
1220.986361 1780.153589 
1687.996941 530.063024 
1233.651392 967.830217 
388.144217 955.118961 
851.945670 759.488204 
1156.305783 514.022677 
830.610522 544.764073 
1166.320567 1444.611300 
680.428212 996.597204 
937.272288 1274.136971 
580.351501 1451.568312 
1508.490983 786.978232 
1071.154187 1288.411449 
1396.777830 972.333088 
1181.994053 1199.899453 
852.703866 645.921263 
769.694975 749.600923 
1577.201392 980.442476 
1435.695097 1012.463190 
1143.661134 515.250660 
1543.637270 1080.812840 
1718.976567 1107.207496 
1870.537278 874.248755 
1558.256853 1444.999664 
1202.096458 1351.077777 
1108.673355 904.941672 
721.152765 994.282356 
1130.529705 1289.110243 
801.088382 1837.658914 
1179.569796 1100.264486 
1443.281424 1075.396680 
1996.988284 664.889446 
1550.712367 1041.800303 
1291.824386 1178.524740 
1328.637213 1362.402462 
1351.151142 1095.768288 
688.379552 1100.187239 
1088.600326 1724.415481 
922.942985 836.545104 
561.734736 1292.942187 
876.168608 1078.457634 
825.638587 269.353474 
1822.314546 1158.749379 
1014.863119 1501.858000 
1359.220665 1969.080517 
997.741769 1821.015296 
788.766019 1141.839162 
1238.381451 693.734598 
1324.799627 894.747533 
1262.168785 400.783865 
1360.228590 941.931263 
1263.852362 1821.930021 
903.935775 1648.248596 
1305.864358 1070.860712 
604.298460 1410.921299 
991.615088 1320.839146 
1139.114683 541.509473 
1009.599325 1058.130633 
1307.270220 1256.985620 
1161.410446 1227.720002 
1594.549441 502.271576 
1232.483762 779.996040 
630.361437 1277.333334 
972.992590 914.933565 
1564.615195 1803.395699 
1246.466903 1097.934804 
1554.298651 1105.126352 
959.230618 857.416171 
1571.791009 1187.877862 
1423.326898 1356.863676 
1452.825586 381.725525 
1185.734965 1230.378459 
1183.723025 1374.770263 
586.454357 1518.962280 
807.648757 1045.607840 
1394.318612 1292.809891 
1090.180946 1168.112199 
1262.049740 451.185652 
963.463348 811.989643 
1105.100112 880.250834 
1499.135823 1240.614132 
992.611505 954.161380 
849.024395 1003.740993 
1000.710441 1359.908211 
822.345150 1108.047767 
814.072135 357.079232 
1266.766313 940.889006 
960.486631 754.266682 
1267.755307 528.962216 
1118.686931 1088.585438 
1531.157704 1387.564317 
1361.962243 899.932445 
1486.791256 697.609227 
1446.950624 858.090446 
1028.680498 1174.846564 
1032.344634 1495.931536 
1422.311601 1259.691452 
899.886814 1489.619325 
1067.316410 1557.590972 
1114.213059 893.392731 
828.760938 1091.705796 
1156.903225 1336.461654 
1059.961683 438.498953 
949.086556 1641.422021 
1390.484530 858.688838 
849.785738 1054.516033 
952.928169 943.479837 
1860.405675 937.238588 
1188.778257 1394.785291 
1144.761284 1558.937123 
1297.027714 1261.753574 
969.190974 1052.315433 
1369.603943 1215.294530 
1357.237505 1443.126246 
961.239850 1484.168585 
1511.618405 1354.126481 
1189.653932 1100.967204 
1142.494259 1139.106577 
1091.465813 970.494618 
1939.844416 1039.664302 
1292.695021 1196.469880 
1321.554934 1246.393875 
1418.017861 1465.503715 
1524.747936 1331.301382 
1319.840679 1210.713769 
695.313546 984.941772 
1484.732903 1405.757173 
623.466155 1179.415941 
1117.985591 1072.123508 
1419.806699 742.547647 
844.131452 1269.028646 
905.572111 1691.595339 
914.285512 1377.115011 
1105.507293 775.947045 
1527.276899 776.164248 
1567.508075 1421.680016 
1118.413437 984.858365 
1418.535118 1359.444662 
1538.908050 1179.999763 
799.508767 1047.116025 
1752.592072 1022.559817 
758.965194 1072.426887 
1214.968043 1391.907873 
1181.552409 891.341104 
847.671616 1404.911794 
1455.859979 1166.527933 
1267.137535 1180.595487 
1141.602525 1217.169323 
1731.217904 1117.138001 
1039.399330 1454.367495 
1116.875205 1517.186122 
930.573615 659.057273 
1414.908768 938.171585 
1338.389346 1616.210986 
827.620587 1404.856328 
1276.897614 735.023862 
1108.560809 1324.925356 
993.137956 1307.242341 
679.580197 1118.991204 
1338.001159 1218.410621 
1803.850424 751.502054 
1161.592376 1050.642383 
1034.020985 1270.162955 
580.810681 1589.295605 
809.273138 1120.654725 
1919.884335 1269.548740 
1825.340093 1660.318520 
620.899321 624.788843 
1147.499320 1719.029097 
1268.441130 781.359323 
1680.910916 593.907255 
1064.696615 745.519378 
1390.307107 1568.118067 
1375.779520 709.958398 
1300.822512 1261.258713 
1265.919038 1236.769816 
1002.835727 1568.425237 
884.590378 581.245175 
1171.547281 1371.894410 
1378.911336 857.919479 
1345.229100 1804.720504 
1072.816207 1160.046995 
892.577976 1109.516746 
723.705676 1237.693126 
1008.207738 1291.428713 
1385.674431 793.797054 
1439.496035 954.241924 
1403.570622 1129.250198 
1364.112997 819.882394 
881.901517 482.789719 
1099.237195 1283.234958 
631.774880 715.313660 
1158.031594 966.666531 
962.100925 1133.738381 
959.098467 1102.822728 
883.729925 1405.256401 
1314.392480 556.903407 
1438.422824 1599.138867 
759.287373 1205.933123 
817.575365 1124.145160 
1430.567993 1538.056528 
1195.002664 811.093438 
1652.288539 1828.895216 
1373.219182 1637.017086 
1192.099343 1735.785566 
1453.965550 1362.671357 
1310.965547 763.179515 
1242.323732 1439.148775 
1415.698404 1299.361418 
1721.031410 1302.185953 
1237.328174 524.581302 
899.436609 681.557943 
1411.370810 999.518298 
983.609995 609.628338 
1787.917871 1419.261982 
1297.915282 926.731629 
1266.163379 1642.976888 
852.730698 1179.865631 
797.355589 1020.309522 
1201.031548 1058.042940 
1108.763838 633.252544 
1384.573153 974.334738 
432.168937 1378.279982 
1089.027828 1254.014403 
663.607864 1559.292627 
1492.756672 869.699740 
1099.506604 1466.866047 
1730.967245 1131.076844 
1079.686443 1078.468783 
1304.464499 1704.618809 
939.208118 1332.932673 
1391.763515 1319.057861 
1093.281522 1400.287411 
504.823855 1450.585673 
899.228938 1407.644771 
938.624677 1190.358817 
1420.981003 1387.917095 
1272.044828 1109.348700 
1498.069828 949.072958 
965.366615 1345.323442 
1501.429024 1349.276156 
1245.236014 808.439486 
1200.175544 910.125375 
860.561380 927.832962 
1158.700568 1665.750243 
347.213049 1314.624038 
1036.419867 1305.840561 
1804.713365 1020.554812 
1231.721378 1214.118982 
1610.369918 1039.311498 
911.594904 1020.813387 
1123.574233 885.224896 
1184.540184 1537.270718 
711.765023 1108.809460 
833.524735 1380.216073 
496.450739 944.314426 
1638.225244 882.161273 
612.627185 1294.419820 
1108.224355 1573.256238 
888.534286 1254.654307 
574.958190 1265.601817 
1010.725338 1360.457199 
839.372932 1148.885028 
750.527322 1428.596094 
1081.062227 775.173747 
1647.731103 551.148933 
1349.411391 981.252321 
1455.952576 1340.978511 
851.069556 1544.896694 
943.106149 1171.995630 
1287.644277 1381.446963 
785.946057 1298.437533 
1171.495218 980.830512 
542.210394 1045.779259 
630.351975 1325.908080 
930.773924 1009.329023 
974.305161 1308.354420 
1220.548986 650.727844 
1000.024213 1448.431472 
1230.178103 1324.649947 
1105.856679 1045.918125 
1393.585095 1118.520698 
980.252871 1531.537037 
798.328768 1470.917125 
944.574129 1491.815064 
1540.773560 1032.906210 
984.366134 1761.431282 
1107.418621 1039.237574 
1263.710976 1093.006666 
1309.195301 1954.897221 
472.797925 1129.254877 
1250.857963 774.991402 
1428.040141 856.582727 
1207.950577 1499.151927 
1415.543685 1581.118303 
1105.883605 844.665258 
1512.168676 951.927791 
952.539028 1754.242398 
1456.427411 711.919506 
1146.154586 1211.953345 
1399.704734 1076.482636 
1076.536559 1283.722592 
601.496071 1457.376698 
1551.258688 814.471006 
833.662866 1276.445801 
1854.990012 1147.621995 
1579.611307 1065.609116 
1274.860771 1496.659876 
1079.838626 575.491179 
862.991647 460.317770 
1228.314397 1037.318946 
1041.878940 1479.071558 
924.111476 1352.273695 
1080.591495 674.984520 
1359.397638 977.638233 
1672.185500 862.883923 
1561.758029 938.254990 
1751.345422 1389.615559 
723.783936 1505.418902 
1701.218715 1302.912931 
1188.576573 875.475241 
1110.663085 909.235785 
500.533778 1661.883802 
1576.546424 1172.582004 
1792.676948 1409.451990 
1057.990692 902.575118 
811.125483 1406.334852 
1857.492423 1440.662008 
354.233678 1069.136042 
1861.670534 1256.851468 
831.897768 1258.146223 
1373.404679 1084.389751 
1510.138503 672.193460 
792.828350 1012.207281 
1181.192646 1070.235589 
1296.144367 567.433076 
730.265099 1167.917585 
1305.598548 1405.413674 
1302.157611 1242.668444 
1230.444695 809.813502 
869.791247 1273.350122 
338.868146 1096.877081 
1767.172159 1082.547472 
556.759556 958.441417 
556.595208 858.190312 
722.440629 1447.685509 
916.202596 927.496998 
1056.216006 913.842856 
1396.627475 814.258157 
1042.987527 1333.033327 
1048.898196 753.701480 
1553.436515 1334.036833 
910.707787 732.973687 
1350.185867 682.223628 
1009.843622 1224.077082 
1120.506068 453.832222 
1642.373521 346.431314 
880.725417 1495.821167 
974.476699 559.266285 
1577.850077 954.164236 
703.305314 761.683248 
1034.805742 1046.107815 
1568.934492 1127.806605 
689.520063 1735.692413 
783.652087 856.114949 
1032.234068 1083.156645 
1294.213668 609.695308 
1198.665224 1065.900208 
938.202298 1406.801680 
806.205964 1283.436522 
857.148225 819.900262 
1293.177728 1173.731158 
896.682563 410.571079 
1208.803846 763.263273 
1173.584481 1105.266785 
911.523890 1718.872556 
1031.446574 1431.894861 
1528.213268 1039.787447 
999.332394 1460.598598 
728.176137 1325.885725 
1291.209319 1230.328475 
934.967050 1175.284586 
1467.934215 805.830821 
1097.686770 565.872865 
1086.019626 1003.475944 
1210.293220 986.292101 
991.975409 1673.722055 
957.403555 1091.832436 
1446.933025 879.888683 
1492.332736 1068.165697 
1041.598944 794.404471 
1320.944133 927.703097 
1519.612896 822.483414 
921.771053 958.517354 
1624.830843 648.535046 
1451.271217 1130.909252 
641.286963 1325.169134 
1907.842508 1395.113882 
1027.799067 1623.456785 
947.988629 667.823106 
1368.942092 1255.759144 
1441.818463 742.271014 
476.576733 579.879028 
1131.548145 2000.000000 
1547.599362 785.940159 
897.605340 805.556114 
1147.760611 1122.924870 
1092.250124 918.928238 
1887.909513 1467.526459 
1232.902413 1521.138382 
806.825928 1167.533545 
1638.657987 973.940584 
1260.366659 808.075093 
1457.656412 1063.061657 
1323.684541 810.732969 
1925.613486 913.175871 
881.532341 1197.792199 
1031.543970 706.708800 
1257.937351 1394.618293 
1334.741789 762.123252 
848.994867 762.911308 
896.633873 1213.837599 
1306.523082 1053.884515 
1313.598400 1414.914991 
936.221984 1217.286790 
1160.036101 665.153250 
1438.371344 1305.995193 
1217.878843 1040.041457 
1676.920859 949.114291 
1382.116705 1681.189435 
965.487021 861.671179 
1391.311209 874.374738 
1768.519360 473.749292 
823.354484 1562.257887 
888.734972 1139.746449 
910.342478 1215.301763 
1059.002670 1724.155703 
1296.763495 419.209607 
1239.284034 1649.267963 
1243.045691 1507.318001 
1176.333210 517.253481 
714.723331 825.767594 
1356.482344 1120.383609 
1264.165886 1214.426744 
1153.529845 650.598424 
1152.533273 977.624112 
1116.970979 1075.363223 
831.310892 816.612932 
1284.026442 661.299886 
989.064193 1210.232585 
1129.842904 1252.056629 
1672.859920 1606.929550 
649.227715 1553.539665 
902.403316 714.709001 
1236.116226 1437.870777 
955.472935 1642.272563 
1552.882407 1084.679875 
1221.637773 995.117921 
1282.907768 1773.493934 
691.785912 1082.464457 
1672.074739 417.468957 
1222.472961 1509.060998 
863.651956 864.635925 
1225.203828 1036.102315 
1717.536230 1301.222697 
1028.416738 1387.919108 
671.289018 966.018472 
1290.645506 1207.018448 
810.575782 1061.021295 
1485.412412 1942.900024 
1494.036492 1047.416544 
680.854274 973.470606 
752.020115 614.735562 
686.458537 1354.388635 
853.744031 902.335806 
1547.888433 1253.137755 
1316.427475 1033.835127 
1042.566559 734.798771 
1183.182581 1079.513129 
1060.750502 536.611386 
1791.387681 1220.867704 
430.816211 1051.265551 
426.103774 1284.164142 
1226.664348 970.926435 
821.136477 673.995460 
1167.789797 834.143293 
1455.274742 1219.363866 
804.257051 1332.546713 
1171.794222 1383.009422 
413.180202 1288.619028 
604.628131 558.905402 
1733.464647 1373.851933 
889.760827 916.049920 
1045.701818 1604.435523 
974.966550 1360.291692 
1627.728615 999.851296 
631.162080 1181.080161 
1322.251171 1006.998907 
1545.127211 1668.433310 
1444.647254 1554.164632 
1354.838235 1099.024792 
1038.984447 932.560851 
1792.466972 1485.444357 
1204.110815 1273.499089 
981.377922 981.275575 
1695.457798 1371.896286 
1309.006645 592.875402 
958.926462 1453.896427 
1267.624397 1406.558105 
661.830436 646.710708 
1030.544647 799.272483 
1062.354056 1491.627826 
1074.338057 1229.276584 
524.522605 1265.701056 
1446.622930 1363.635160 
1070.821732 1327.204287 
1172.793315 1336.646681 
1185.509293 1346.609108 
1761.731245 1491.124647 
1252.207310 1366.537593 
1400.110754 1581.727431 
1184.489788 1382.162486 
669.480712 636.788002 
744.106498 1202.713813 
1412.751607 1480.048205 
964.892071 1865.856204 
1386.670729 1911.146404 
964.590934 1770.496398 
1067.788549 1361.175753 
1466.401983 1041.808766 
1095.319125 720.910403 
1702.567003 1007.593802 
1093.683809 1990.028289 
1352.672212 719.464863 
1187.860709 1657.337382 
1137.162491 889.428716 
741.919569 1334.474644 
1476.714115 962.945590 
1258.578073 1429.516919 
1109.603071 1353.361812 
1021.983709 1052.107514 
1364.159328 860.052243 
3.545428 2.948345 
3.469631 3.255867 
3.259603 3.492939 
2.963460 3.605251 
2.649044 3.567074 
2.388384 3.387154 
2.241195 3.106708 
2.241195 2.789982 
2.388384 2.509536 
2.649044 2.329616 
2.963460 2.291439 
3.259603 2.403751 
3.469631 2.640823 
4.849038 2.948345 
4.623920 3.861685 
4.000138 4.565789 
3.120593 4.899356 
2.186777 4.785971 
1.412618 4.251607 
0.975465 3.418682 
0.975465 2.478008 
1.412618 1.645083 
2.186777 1.110719 
3.120593 0.997334 
4.000138 1.330901 
4.623920 2.035005
